Distancia
6.17
6.12
6.41
6.11
5.71
5.33
5.18
6.17
8.82
9.72
11.88
13.96
15.86
17.37
19.41
1205.42
159.39
158.98
196.44
16.10
15.40
12.45
9.95
7.56
6.29
4.66
3.28
3.34
4.25
6.60
9.42
12.50
14.94
80.11
82.56
1203.76
1203.38
1203.74
1203.71
11.88
8.03
5.80
3.22
3.98
16.16
3.48
4.54
7.56
11.34
15.80
1203.90
1203.57
1203.71
119.59
73.47
186.39
184.04
1203.55
16.70
15.14
10.77
9.72
8.40
7.67
6.00
5.21
5.51
5.47
5.21
5.27
5.51
5.87
8.42
10.91
13.57
14.30
15.45
16.52
15.88
14.83
15.02
13.87
12.74
11.27
9.00
7.91
6.36
5.75
5.51
5.59
8.75
10.75
13.17
15.45
16.94
17.37
17.78
16.89
13.58
9.24
5.92
3.94
3.05
2.98
2.81
3.10
3.53
3.94
4.54
5.51
6.24
7.19
7.00
6.65
6.83
7.39
7.73
7.53
8.16
8.21
8.99
8.88
9.16
9.36
10.26
11.71
11.95
12.66
12.30
12.54
12.90
12.66
12.23
11.40
10.92
11.10
10.51
9.86
9.71
9.54
9.59
9.36
9.59
10.08
9.83
9.60
10.29
10.14
9.96
9.83
9.66
10.12
10.27
9.79
10.24
9.84
9.55
9.42
8.52
7.72
6.65
5.57
5.16
4.61
4.30
3.94
3.65
3.60
3.76
3.65
3.36
3.34
3.29
3.22
3.17
3.10
2.81
2.69
2.98
3.28
3.10
4.24
3.10
2.74
2.57
2.93
3.46
3.22
3.70
4.37
5.23
6.71
7.13
7.80
8.80
10.32
11.35
11.75
12.67
13.21
13.93
12.85
11.92
12.11
11.52
10.98
10.44
9.96
8.63
7.67
6.91
6.11
5.33
4.66
4.37
4.06
3.82
3.58
3.12
3.41
2.98
3.55
4.78
6.11
7.15
8.39
9.66
10.84
11.46
11.46
10.72
10.53
10.82
10.15
9.71
8.15
5.61
5.02
3.77
3.28
3.77
4.20
5.92
7.61
9.38
10.68
11.34
12.07
11.75
11.82
11.88
11.39
11.52
11.28
11.80
11.22
10.36
9.90
9.18
8.57
7.29
6.72
6.12
5.35
5.51
5.51
5.33
4.85
5.21
4.56
5.51
7.46
9.55
10.92
11.66
12.55
13.86
15.62
16.16
16.41
16.82
16.82
17.42
18.45
18.86
18.95
19.72
19.96
20.32
20.73
21.57
21.93
22.71
23.38
22.78
24.83
26.26
26.33
1203.19
27.41
24.63
22.90
20.19
18.69
16.65
14.77
14.06
12.86
11.28
10.26
9.72
8.87
8.68
8.28
8.03
7.37
7.12
6.76
6.29
5.75
5.52
5.99
5.39
5.16
5.69
6.17
8.23
10.02
11.87
13.86
15.45
16.81
17.85
18.86
18.09
15.69
11.59
7.84
8.04
10.67
13.38
15.74
17.42
17.66
16.34
13.45
9.38
6.52
5.68
7.37
9.52
12.43
15.06
15.74
16.16
17.13
17.63
17.01
16.60
16.84
17.18
17.54
17.61
18.50
18.99
19.65
20.61
21.04
21.23
21.90
20.70
20.82
19.31
17.61
13.58
10.92
8.18
6.59
5.15
5.15
5.27
5.76
8.09
9.48
12.28
14.82
16.94
18.99
21.04
22.00
22.42
22.48
21.93
22.60
19.28
15.07
11.06
8.39
6.21
5.47
4.37
4.78
5.71
8.57
11.04
13.26
15.13
15.85
16.93
17.30
17.25
18.38
19.83
21.69
22.36
19.04
15.86
14.05
10.26
7.32
5.83
4.96
4.01
4.13
5.51
7.97
11.28
14.08
16.64
19.71
201.43
198.61
18.14
13.27
9.78
6.71
5.20
4.36
6.07
9.84
13.93
17.36
20.07
201.08
1202.54
1202.76
15.06
11.28
7.20
5.56
5.33
6.31
8.21
12.06
15.90
18.13
1204.79
1202.99
1203.04
157.21
17.46
13.62
9.91
7.84
5.52
4.06
3.70
3.29
3.12
3.46
5.51
7.27
11.11
16.04
82.23
80.14
82.10
83.30
16.76
10.99
6.74
4.61
3.22
2.98
5.40
9.18
12.90
16.50
16.58
14.18
8.23
4.89
3.53
4.80
9.06
13.62
18.21
1204.75
19.21
12.42
